{
    "img_shape": {
        "type_id": "opencv-matrix",
        "rows": 2,
        "cols": 1,
        "dt": "d",
        "data": [ 1080.0, 1920.0 ]
    },
    "rms": 7.1597395288554133e-01,
    "rms per view errors": {
        "type_id": "opencv-matrix",
        "rows": 1,
        "cols": 2,
        "dt": "d",
        "data": [ 5.8352845049556723e-01, 8.2748531701978689e-01 ]
    },
    "cam_int": {
        "type_id": "opencv-matrix",
        "rows": 3,
        "cols": 3,
        "dt": "d",
        "data": [ 1.3469211425781250e+03, 0.0, 9.8950524902343750e+02,
            0.0, 1.3469993896484375e+03, 5.4264459228515625e+02, 0.0,
            0.0, 1.0 ]
    },
    "cam_dist": {
        "type_id": "opencv-matrix",
        "rows": 5,
        "cols": 1,
        "dt": "d",
        "data": [ 1.7319100000000001e-01, -5.4758300000000004e-01,
            -1.0108599999999999e-03, 9.3430700000000000e-05,
            5.2691299999999996e-01 ]
    },
    "proj_int": {
        "type_id": "opencv-matrix",
        "rows": 3,
        "cols": 3,
        "dt": "d",
        "data": [ 6.4510117446284210e+02, 0.0, 9.3828923849507805e+02,
            0.0, 6.6996161420939552e+02, 5.4388547399148547e+02, 0.0,
            0.0, 1.0 ]
    },
    "proj_dist": {
        "type_id": "opencv-matrix",
        "rows": 1,
        "cols": 5,
        "dt": "d",
        "data": [ 0.0, 0.0, 0.0, 0.0, 0.0 ]
    },
    "rotation": {
        "type_id": "opencv-matrix",
        "rows": 3,
        "cols": 3,
        "dt": "d",
        "data": [ 9.9466993663758274e-01, 7.9753772799800421e-02,
            -6.5353292752430653e-02, -9.3374710572179220e-02,
            9.6556520942135793e-01, -2.4282707793953051e-01,
            4.3736490199247260e-02, 2.4763513902369932e-01,
            9.6786567112681721e-01 ]
    },
    "translation": {
        "type_id": "opencv-matrix",
        "rows": 3,
        "cols": 1,
        "dt": "d",
        "data": [ 6.6615397859214984e-02, 2.3840365022497106e-01,
            -2.3989923234522809e-01 ]
    }
}
