{
    "img_shape": {
        "type_id": "opencv-matrix",
        "rows": 2,
        "cols": 1,
        "dt": "d",
        "data": [ 1080.0, 1920.0 ]
    },
    "rms": 8.0357533788624325e-01,
    "cam_int": {
        "type_id": "opencv-matrix",
        "rows": 3,
        "cols": 3,
        "dt": "d",
        "data": [ 1.3469211425781250e+03, 0.0, 9.8950524902343750e+02,
            0.0, 1.3469993896484375e+03, 5.4264459228515625e+02, 0.0,
            0.0, 1.0 ]
    },
    "cam_dist": {
        "type_id": "opencv-matrix",
        "rows": 5,
        "cols": 1,
        "dt": "d",
        "data": [ 1.7319100000000001e-01, -5.4758300000000004e-01,
            -1.0108599999999999e-03, 9.3430700000000000e-05,
            5.2691299999999996e-01 ]
    },
    "proj_int": {
        "type_id": "opencv-matrix",
        "rows": 3,
        "cols": 3,
        "dt": "d",
        "data": [ 3.2267371434523366e+03, 0.0, 7.1375507736367524e+02,
            0.0, 3.4919027696393919e+03, 6.4071467538926242e+02, 0.0,
            0.0, 1.0 ]
    },
    "proj_dist": {
        "type_id": "opencv-matrix",
        "rows": 1,
        "cols": 5,
        "dt": "d",
        "data": [ 4.7965226009732009e-01, -8.5286426635840833e+00,
            -3.1824107802565983e-02, -6.4013606695016191e-03,
            1.0278113587445682e+02 ]
    },
    "rotation": {
        "type_id": "opencv-matrix",
        "rows": 3,
        "cols": 3,
        "dt": "d",
        "data": [ 9.9816683488216673e-01, 6.0316307830090725e-02,
            -4.9912674806062924e-03, -6.0023102147748121e-02,
            9.9713102167451151e-01, 4.6118898760765373e-02,
            7.7586693368268426e-03, -4.5734763846449089e-02,
            9.9892348777372897e-01 ]
    },
    "translation": {
        "type_id": "opencv-matrix",
        "rows": 3,
        "cols": 1,
        "dt": "d",
        "data": [ 1.7475090129296555e-01, -3.6696482341754097e-03,
            1.3815870538761230e+00 ]
    }
}
