{
    "img_shape": {
        "type_id": "opencv-matrix",
        "rows": 2,
        "cols": 1,
        "dt": "d",
        "data": [ 1080.0, 1920.0 ]
    },
    "rms": 8.7628129751979655e-01,
    "rms per view errors": {
        "type_id": "opencv-matrix",
        "rows": 5,
        "cols": 2,
        "dt": "d",
        "data": [ 7.3264108251138238e-01, 9.0920834345337420e-01,
            5.6861098044416636e-01, 1.0446572464336523e+00,
            9.9510856801572067e-01, 9.2573263269731476e-01,
            7.8287141144020400e-01, 9.6234724178181108e-01,
            8.0509215459639027e-01, 9.3072226751378062e-01 ]
    },
    "cam_int": {
        "type_id": "opencv-matrix",
        "rows": 3,
        "cols": 3,
        "dt": "d",
        "data": [ 1.3469211425781250e+03, 0.0, 9.8950524902343750e+02,
            0.0, 1.3469993896484375e+03, 5.4264459228515625e+02, 0.0,
            0.0, 1.0 ]
    },
    "cam_dist": {
        "type_id": "opencv-matrix",
        "rows": 5,
        "cols": 1,
        "dt": "d",
        "data": [ 1.7319100000000001e-01, -5.4758300000000004e-01,
            -1.0108599999999999e-03, 9.3430700000000000e-05,
            5.2691299999999996e-01 ]
    },
    "proj_int": {
        "type_id": "opencv-matrix",
        "rows": 3,
        "cols": 3,
        "dt": "d",
        "data": [ 1.2431405307304435e+03, 0.0, 9.7530719760610089e+02,
            0.0, 1.2323443035997041e+03, 9.9661545567879102e+02, 0.0,
            0.0, 1.0 ]
    },
    "proj_dist": {
        "type_id": "opencv-matrix",
        "rows": 1,
        "cols": 5,
        "dt": "d",
        "data": [ 0.0, 0.0, 0.0, 0.0, 0.0 ]
    },
    "rotation": {
        "type_id": "opencv-matrix",
        "rows": 3,
        "cols": 3,
        "dt": "d",
        "data": [ 9.9605378398844802e-01, 7.5406879979204880e-02,
            -4.6804506771206254e-02, -8.6184839845181119e-02,
            9.4772411630593145e-01, -3.0723146445799099e-01,
            2.1190393652657354e-02, 3.1005290165380339e-01,
            9.5048312209786368e-01 ]
    },
    "translation": {
        "type_id": "opencv-matrix",
        "rows": 3,
        "cols": 1,
        "dt": "d",
        "data": [ 3.3799996847198352e-02, 2.3458155597158761e-02,
            1.0995596414905051e-01 ]
    }
}
