{
    "img_shape": {
        "type_id": "opencv-matrix",
        "rows": 2,
        "cols": 1,
        "dt": "d",
        "data": [ 1080.0, 1920.0 ]
    },
    "rms": 6.7206297581193675e-01,
    "rms per view errors": {
        "type_id": "opencv-matrix",
        "rows": 1,
        "cols": 2,
        "dt": "d",
        "data": [ 5.0813399851637175e-01, 8.0320428688233203e-01 ]
    },
    "cam_int": {
        "type_id": "opencv-matrix",
        "rows": 3,
        "cols": 3,
        "dt": "d",
        "data": [ 1.3469211425781250e+03, 0.0, 9.8950524902343750e+02,
            0.0, 1.3469993896484375e+03, 5.4264459228515625e+02, 0.0,
            0.0, 1.0 ]
    },
    "cam_dist": {
        "type_id": "opencv-matrix",
        "rows": 5,
        "cols": 1,
        "dt": "d",
        "data": [ 1.7319100000000001e-01, -5.4758300000000004e-01,
            -1.0108599999999999e-03, 9.3430700000000000e-05,
            5.2691299999999996e-01 ]
    },
    "proj_int": {
        "type_id": "opencv-matrix",
        "rows": 3,
        "cols": 3,
        "dt": "d",
        "data": [ 6.4779702052203118e+02, 0.0, 9.3785101201889108e+02,
            0.0, 6.7299208706733020e+02, 5.4398652545527568e+02, 0.0,
            0.0, 1.0 ]
    },
    "proj_dist": {
        "type_id": "opencv-matrix",
        "rows": 1,
        "cols": 5,
        "dt": "d",
        "data": [ 0.0, 0.0, 0.0, 0.0, 0.0 ]
    },
    "rotation": {
        "type_id": "opencv-matrix",
        "rows": 3,
        "cols": 3,
        "dt": "d",
        "data": [ 9.9466000610293648e-01, 7.9836820543797454e-02,
            -6.5403014798737100e-02, -9.3465299222908138e-02,
            9.6556967310036745e-01, -2.4277447194880653e-01,
            4.3768825669403010e-02, 2.4759097009848136e-01,
            9.6787550925995347e-01 ]
    },
    "translation": {
        "type_id": "opencv-matrix",
        "rows": 3,
        "cols": 1,
        "dt": "d",
        "data": [ 6.6895323749091795e-02, 2.3828297178012672e-01,
            -2.3843359749526860e-01 ]
    }
}
