{
    "RGB camera RMS": 7.3289242508370844e-01,
    "RGB camera RMS per view": {
        "type_id": "opencv-matrix",
        "rows": 23,
        "cols": 1,
        "dt": "d",
        "data": [ 5.8468809750019091e-01, 8.6454691004108475e-01,
            9.0707300361866183e-01, 7.3657328839678649e-01,
            6.7407327304709486e-01, 6.4945643987694102e-01,
            4.6281914125403090e-01, 6.4935046443721878e-01,
            5.1052462344920091e-01, 6.8655825857289809e-01,
            8.0114734978337632e-01, 9.2533404864548219e-01,
            6.9715153998253165e-01, 5.3224855043727504e-01,
            6.4422146031118210e-01, 5.3734326735206706e-01,
            9.5403081183606764e-01, 1.1156077171215419e+00,
            1.1164230306816703e+00, 5.2438761160852199e-01,
            6.2610939626250905e-01, 4.2723132231947636e-01,
            6.5844322302599334e-01 ]
    },
    "RGB camera intrinsics": {
        "type_id": "opencv-matrix",
        "rows": 3,
        "cols": 3,
        "dt": "d",
        "data": [ 1.4756688516655540e+03, 0.0, 9.5950000000000000e+02,
            0.0, 1.4756688516655540e+03, 5.3950000000000000e+02, 0.0,
            0.0, 1.0 ]
    },
    "RGB camera distortions": {
        "type_id": "opencv-matrix",
        "rows": 1,
        "cols": 5,
        "dt": "d",
        "data": [ 6.7216869417405220e-02, -3.1999379729265021e-01,
            -2.7281460593956415e-03, -7.2981716248355049e-04,
            6.6253257889724648e-01 ]
    },
    "Stereo RMS": 7.0947424616067545e-01,
    "Stereo RMS per view": {
        "type_id": "opencv-matrix",
        "rows": 23,
        "cols": 2,
        "dt": "d",
        "data": [ 4.8414195636470964e-01, 7.0062266860307998e-01,
            8.0415466443633343e-01, 9.3748761882905418e-01,
            5.7268054979909933e-01, 9.2940974360620243e-01,
            5.1830555503225795e-01, 7.9208266859533183e-01,
            4.7652865902705688e-01, 7.1610395150089590e-01,
            6.3866930105279984e-01, 7.1018664247644947e-01,
            6.0350478893511927e-01, 5.1674193206549945e-01,
            5.6917196973718021e-01, 6.9943028854708389e-01,
            9.6042622553024326e-01, 5.6102413039319265e-01,
            8.7320962230414056e-01, 7.6136856072078707e-01,
            5.2565080415784182e-01, 8.0756033791151061e-01,
            5.0905555117481882e-01, 9.4903389803120153e-01,
            5.2747646719184982e-01, 7.5546435913916277e-01,
            5.0644526770158460e-01, 5.5014306659187895e-01,
            1.0470316216568321e+00, 6.6282480319243497e-01,
            6.3056492558006894e-01, 5.5955413497089190e-01,
            4.6707336982641989e-01, 9.7405812588095664e-01,
            4.4118355172096718e-01, 1.1256225699010152e+00,
            8.4768166367938058e-01, 1.1630815522166138e+00,
            4.7387840928535047e-01, 6.0267866935749825e-01,
            4.6913008840452153e-01, 6.3617760640228915e-01,
            5.2204095415698093e-01, 4.8763604583835468e-01,
            6.6926778188001068e-01, 7.2547312581386858e-01 ]
    },
    "Stereo Rotation Matrix": {
        "type_id": "opencv-matrix",
        "rows": 3,
        "cols": 3,
        "dt": "d",
        "data": [ 9.8383730303331673e-01, -1.6165687012063490e-01,
            7.7014398023550396e-02, 1.4482370374379289e-01,
            9.7129495141221434e-01, 1.8871198211845053e-01,
            -1.0531028436985521e-01, -1.7450837717411866e-01,
            9.7900795211376901e-01 ]
    },
    "Stereo Translation Matrix": {
        "type_id": "opencv-matrix",
        "rows": 3,
        "cols": 1,
        "dt": "d",
        "data": [ -4.3769728989464918e+00, -3.9423142215056872e+00,
            1.6049989086536496e+00 ]
    }
}
