{
    "RGB camera RMS": 8.1091765837732155e-01,
    "RGB camera RMS per view": {
        "type_id": "opencv-matrix",
        "rows": 3,
        "cols": 1,
        "dt": "d",
        "data": [ 6.7483172230638688e-01, 7.4102748625634962e-01,
            9.8399327090487088e-01 ]
    },
    "RGB camera intrinsics": {
        "type_id": "opencv-matrix",
        "rows": 3,
        "cols": 3,
        "dt": "d",
        "data": [ 1.4478223596000810e+03, 0.0, 9.7645772290537775e+02,
            0.0, 1.4478223596000810e+03, 5.4425003193182749e+02, 0.0,
            0.0, 1.0 ]
    },
    "RGB camera distortions": {
        "type_id": "opencv-matrix",
        "rows": 1,
        "cols": 5,
        "dt": "d",
        "data": [ 2.8437935393659363e-02, 1.6781139636942080e-01,
            -8.7318666787836053e-03, 1.2143925439892143e-03,
            -6.2750874132420342e-01 ]
    },
    "Stereo RMS": 1.2003473989526743e+00,
    "Stereo RMS per view": {
        "type_id": "opencv-matrix",
        "rows": 3,
        "cols": 2,
        "dt": "d",
        "data": [ 1.4498721927908380e+00, 1.1790623349968745e+00,
            6.7081804001935730e-01, 7.6916787109542883e-01,
            1.3452287721643337e+00, 1.5170462740465969e+00 ]
    },
    "Stereo Rotation Matrix": {
        "type_id": "opencv-matrix",
        "rows": 3,
        "cols": 3,
        "dt": "d",
        "data": [ 9.7596416789810003e-01, -1.0782213780264856e-01,
            1.8938935972919885e-01, 6.2140798822865065e-02,
            9.7063933449672479e-01, 2.3237427450002171e-01,
            -2.0888385313524221e-01, -2.1502015935121502e-01,
            9.5400936419510718e-01 ]
    },
    "Stereo Translation Matrix": {
        "type_id": "opencv-matrix",
        "rows": 3,
        "cols": 1,
        "dt": "d",
        "data": [ -4.9591669410839181e+00, -2.9384342555471119e+00,
            1.5596241156667767e+00 ]
    }
}
