{
    "img_shape": {
        "type_id": "opencv-matrix",
        "rows": 2,
        "cols": 1,
        "dt": "d",
        "data": [ 1080.0, 1920.0 ]
    },
    "rms": 7.8014694154068576e-01,
    "rms per view errors": {
        "type_id": "opencv-matrix",
        "rows": 1,
        "cols": 2,
        "dt": "d",
        "data": [ 7.2893044649649652e-01, 8.2820221260329330e-01 ]
    },
    "cam_int": {
        "type_id": "opencv-matrix",
        "rows": 3,
        "cols": 3,
        "dt": "d",
        "data": [ 1.3469211425781250e+03, 0.0, 9.8950524902343750e+02,
            0.0, 1.3469993896484375e+03, 5.4264459228515625e+02, 0.0,
            0.0, 1.0 ]
    },
    "cam_dist": {
        "type_id": "opencv-matrix",
        "rows": 5,
        "cols": 1,
        "dt": "d",
        "data": [ 1.7319100000000001e-01, -5.4758300000000004e-01,
            -1.0108599999999999e-03, 9.3430700000000000e-05,
            5.2691299999999996e-01 ]
    },
    "proj_int": {
        "type_id": "opencv-matrix",
        "rows": 3,
        "cols": 3,
        "dt": "d",
        "data": [ 2.2200080823259641e+03, 0.0, 9.5949999999965576e+02,
            0.0, 1.9705537524521083e+03, 5.3949999999944748e+02, 0.0,
            0.0, 1.0 ]
    },
    "proj_dist": {
        "type_id": "opencv-matrix",
        "rows": 1,
        "cols": 5,
        "dt": "d",
        "data": [ 0.0, 0.0, 0.0, 0.0, 0.0 ]
    },
    "rotation": {
        "type_id": "opencv-matrix",
        "rows": 3,
        "cols": 3,
        "dt": "d",
        "data": [ 9.7704712957408613e-01, 1.7220856528370279e-01,
            1.2539185234283573e-01, -1.4937512539119693e-01,
            9.7351653884230271e-01, -1.7306825391985553e-01,
            -1.5187487779551639e-01, 1.5036541704604839e-01,
            9.7689521590146244e-01 ]
    },
    "translation": {
        "type_id": "opencv-matrix",
        "rows": 3,
        "cols": 1,
        "dt": "d",
        "data": [ -6.6666181682654160e-02, 2.0629077707374224e-01,
            5.6612413363502212e-01 ]
    }
}
