{
    "img_shape": {
        "type_id": "opencv-matrix",
        "rows": 2,
        "cols": 1,
        "dt": "d",
        "data": [ 1080.0, 1920.0 ]
    },
    "rms": 6.3440167449511164e-01,
    "rms per view errors": {
        "type_id": "opencv-matrix",
        "rows": 1,
        "cols": 2,
        "dt": "d",
        "data": [ 5.8737424255257098e-01, 6.7817583884284516e-01 ]
    },
    "cam_int": {
        "type_id": "opencv-matrix",
        "rows": 3,
        "cols": 3,
        "dt": "d",
        "data": [ 1.3469211425781250e+03, 0.0, 9.8950524902343750e+02,
            0.0, 1.3469993896484375e+03, 5.4264459228515625e+02, 0.0,
            0.0, 1.0 ]
    },
    "cam_dist": {
        "type_id": "opencv-matrix",
        "rows": 5,
        "cols": 1,
        "dt": "d",
        "data": [ 1.7319100000000001e-01, -5.4758300000000004e-01,
            -1.0108599999999999e-03, 9.3430700000000000e-05,
            5.2691299999999996e-01 ]
    },
    "proj_int": {
        "type_id": "opencv-matrix",
        "rows": 3,
        "cols": 3,
        "dt": "d",
        "data": [ 2.2076149498197351e+03, 0.0, 9.5949999999621321e+02,
            0.0, 2.0998845961557099e+03, 5.3950000000032935e+02, 0.0,
            0.0, 1.0 ]
    },
    "proj_dist": {
        "type_id": "opencv-matrix",
        "rows": 1,
        "cols": 5,
        "dt": "d",
        "data": [ 0.0, 0.0, 0.0, 0.0, 0.0 ]
    },
    "rotation": {
        "type_id": "opencv-matrix",
        "rows": 3,
        "cols": 3,
        "dt": "d",
        "data": [ 9.9520415300859388e-01, 9.7674312674183930e-02,
            -5.3312735882719824e-03, -9.6905979095135805e-02,
            9.7701088661457747e-01, -1.8989196573897074e-01,
            -1.3338854900641120e-02, 1.8949790521328483e-01,
            9.8179051679557217e-01 ]
    },
    "translation": {
        "type_id": "opencv-matrix",
        "rows": 3,
        "cols": 1,
        "dt": "d",
        "data": [ 1.4799447658618133e-02, 2.3840013658812734e-01,
            7.0733399978342282e-01 ]
    }
}
