{
    "img_shape": {
        "type_id": "opencv-matrix",
        "rows": 2,
        "cols": 1,
        "dt": "d",
        "data": [ 1080.0, 1920.0 ]
    },
    "rms": 1.2739503158995078e+00,
    "cam_int": {
        "type_id": "opencv-matrix",
        "rows": 3,
        "cols": 3,
        "dt": "d",
        "data": [ 1.3469200000000001e+03, 0.0, 9.8950500000000000e+02,
            0.0, 1347.0, 5.4264499999999998e+02, 0.0, 0.0, 1.0 ]
    },
    "cam_dist": {
        "type_id": "opencv-matrix",
        "rows": 5,
        "cols": 1,
        "dt": "d",
        "data": [ 0.0, 0.0, 0.0, 0.0, 0.0 ]
    },
    "proj_int": {
        "type_id": "opencv-matrix",
        "rows": 3,
        "cols": 3,
        "dt": "d",
        "data": [ 1.0114584705637692e+03, 0.0, 9.7455805063385537e+02,
            0.0, 1.0251463615090977e+03, 1.2208545276104560e+03, 0.0,
            0.0, 1.0 ]
    },
    "proj_dist": {
        "type_id": "opencv-matrix",
        "rows": 1,
        "cols": 5,
        "dt": "d",
        "data": [ 5.8305533850176471e-02, -4.5049417246867264e-02,
            1.1529447794870688e-02, -1.3714535332713723e-03,
            1.8621716155481794e-02 ]
    },
    "rotation": {
        "type_id": "opencv-matrix",
        "rows": 3,
        "cols": 3,
        "dt": "d",
        "data": [ 9.9888908897642004e-01, 3.8850681903199588e-03,
            4.6962689116087274e-02, 9.6597979816403362e-03,
            9.5855014507028335e-01, -2.8476008794894780e-01,
            -4.6122404824679240e-02, 2.8489739491770572e-01,
            9.5744775217360722e-01 ]
    },
    "translation": {
        "type_id": "opencv-matrix",
        "rows": 3,
        "cols": 1,
        "dt": "d",
        "data": [ 1.2294300350809606e-02, -6.9378093133904348e-02,
            -3.5862312019081843e-01 ]
    }
}
