{
    "img_shape": {
        "type_id": "opencv-matrix",
        "rows": 2,
        "cols": 1,
        "dt": "d",
        "data": [ 1080.0, 1920.0 ]
    },
    "rms": 2.0565788953655679e+00,
    "cam_int": {
        "type_id": "opencv-matrix",
        "rows": 3,
        "cols": 3,
        "dt": "d",
        "data": [ 1.3469200000000001e+03, 0.0, 9.8950500000000000e+02,
            0.0, 1347.0, 5.4264499999999998e+02, 0.0, 0.0, 1.0 ]
    },
    "cam_dist": {
        "type_id": "opencv-matrix",
        "rows": 5,
        "cols": 1,
        "dt": "d",
        "data": [ 0.0, 0.0, 0.0, 0.0, 0.0 ]
    },
    "proj_int": {
        "type_id": "opencv-matrix",
        "rows": 3,
        "cols": 3,
        "dt": "d",
        "data": [ 2.5621316254284366e+03, 0.0, 5.4272079035857439e+02,
            0.0, 5.7501362371835548e+03, 9.6290047726048078e+02, 0.0,
            0.0, 1.0 ]
    },
    "proj_dist": {
        "type_id": "opencv-matrix",
        "rows": 1,
        "cols": 5,
        "dt": "d",
        "data": [ -9.2138684069164145e-01, 1.1390153838376564e+01,
            -3.0054469990431740e-02, 7.8336353807446218e-02,
            -9.9148478491332227e+01 ]
    },
    "rotation": {
        "type_id": "opencv-matrix",
        "rows": 3,
        "cols": 3,
        "dt": "d",
        "data": [ 9.9181110499590242e-01, 1.0281231406252739e-01,
            7.5765164052583461e-02, 3.9057480871369656e-02,
            3.2064333994526845e-01, -9.4639440073191750e-01,
            -1.2159459360838887e-01, 9.4160367279755819e-01,
            3.1400203531085513e-01 ]
    },
    "translation": {
        "type_id": "opencv-matrix",
        "rows": 3,
        "cols": 1,
        "dt": "d",
        "data": [ 3.0648268367963266e-01, 5.2723128456176171e-01,
            1.5390889593290455e+00 ]
    }
}
