{
    "img_shape": {
        "type_id": "opencv-matrix",
        "rows": 2,
        "cols": 1,
        "dt": "d",
        "data": [ 1080.0, 1920.0 ]
    },
    "rms": 4.5280117274428472e-01,
    "cam_int": {
        "type_id": "opencv-matrix",
        "rows": 3,
        "cols": 3,
        "dt": "d",
        "data": [ 1.3469211425781250e+03, 0.0, 9.8950524902343750e+02,
            0.0, 1.3469993896484375e+03, 5.4264459228515625e+02, 0.0,
            0.0, 1.0 ]
    },
    "cam_dist": {
        "type_id": "opencv-matrix",
        "rows": 5,
        "cols": 1,
        "dt": "d",
        "data": [ 1.7319100000000001e-01, -5.4758300000000004e-01,
            -1.0108599999999999e-03, 9.3430700000000000e-05,
            5.2691299999999996e-01 ]
    },
    "proj_int": {
        "type_id": "opencv-matrix",
        "rows": 3,
        "cols": 3,
        "dt": "d",
        "data": [ 1.0675096367208910e+03, 0.0, 9.9895955596682495e+02,
            0.0, 1.0675096367208910e+03, 1.0040284051374581e+03, 0.0,
            0.0, 1.0 ]
    },
    "proj_dist": {
        "type_id": "opencv-matrix",
        "rows": 1,
        "cols": 5,
        "dt": "d",
        "data": [ 0.0, 0.0, 0.0, 0.0, 0.0 ]
    },
    "rotation": {
        "type_id": "opencv-matrix",
        "rows": 3,
        "cols": 3,
        "dt": "d",
        "data": [ 9.9635311871692966e-01, -5.0661701563766925e-02,
            -6.8657518289782699e-02, 2.0829510180739322e-02,
            9.2472390413103844e-01, -3.8006819471547543e-01,
            8.2744149815431101e-02, 3.7725202865367585e-01,
            9.2240680426155119e-01 ]
    },
    "translation": {
        "type_id": "opencv-matrix",
        "rows": 3,
        "cols": 1,
        "dt": "d",
        "data": [ 6.5203496446780106e-03, 4.0303783032112274e-02,
            4.8294058380748343e-02 ]
    }
}
