{
    "img_shape": {
        "type_id": "opencv-matrix",
        "rows": 2,
        "cols": 1,
        "dt": "d",
        "data": [ 1080.0, 1920.0 ]
    },
    "rms": 2.4444379074603795e+00,
    "rms per view errors": {
        "type_id": "opencv-matrix",
        "rows": 4,
        "cols": 2,
        "dt": "d",
        "data": [ 4.1538499693787205e+00, 3.7021490880575372e+00,
            1.8111392677455267e+00, 1.2086579564447313e+00,
            1.6465245673266429e+00, 1.7628802108596053e+00,
            1.9923113861800499e+00, 1.5207439225987938e+00 ]
    },
    "cam_int": {
        "type_id": "opencv-matrix",
        "rows": 3,
        "cols": 3,
        "dt": "d",
        "data": [ 1.3469211425781250e+03, 0.0, 9.8950524902343750e+02,
            0.0, 1.3469993896484375e+03, 5.4264459228515625e+02, 0.0,
            0.0, 1.0 ]
    },
    "cam_dist": {
        "type_id": "opencv-matrix",
        "rows": 5,
        "cols": 1,
        "dt": "d",
        "data": [ 1.7319100000000001e-01, -5.4758300000000004e-01,
            -1.0108599999999999e-03, 9.3430700000000000e-05,
            5.2691299999999996e-01 ]
    },
    "proj_int": {
        "type_id": "opencv-matrix",
        "rows": 3,
        "cols": 3,
        "dt": "d",
        "data": [ 1.2137067628618349e+03, 0.0, 4.0028266963835671e+02,
            0.0, 1.2093595783279466e+03, 1.1447908037571847e+03, 0.0,
            0.0, 1.0 ]
    },
    "proj_dist": {
        "type_id": "opencv-matrix",
        "rows": 1,
        "cols": 5,
        "dt": "d",
        "data": [ 0.0, 0.0, 0.0, 0.0, 0.0 ]
    },
    "rotation": {
        "type_id": "opencv-matrix",
        "rows": 3,
        "cols": 3,
        "dt": "d",
        "data": [ 9.9984579545538821e-01, 7.8697198993244386e-03,
            -1.5698815843499577e-02, -1.1452685426784105e-02,
            9.6990747724859916e-01, -2.4320427951369061e-01,
            1.3312449312469263e-02, 2.4334656990794917e-01,
            9.6984804253415835e-01 ]
    },
    "translation": {
        "type_id": "opencv-matrix",
        "rows": 3,
        "cols": 1,
        "dt": "d",
        "data": [ 5.2815315375032779e-01, -9.8956933286078838e-02,
            9.7968905694893596e-02 ]
    }
}
