{
    "img_shape": {
        "type_id": "opencv-matrix",
        "rows": 2,
        "cols": 1,
        "dt": "d",
        "data": [ 1080.0, 1920.0 ]
    },
    "rms": 1.0901423917620776e+00,
    "cam_int": {
        "type_id": "opencv-matrix",
        "rows": 3,
        "cols": 3,
        "dt": "d",
        "data": [ 1.3469211425781250e+03, 0.0, 9.8950524902343750e+02,
            0.0, 1.3469993896484375e+03, 5.4264459228515625e+02, 0.0,
            0.0, 1.0 ]
    },
    "cam_dist": {
        "type_id": "opencv-matrix",
        "rows": 5,
        "cols": 1,
        "dt": "d",
        "data": [ 1.7319100000000001e-01, -5.4758300000000004e-01,
            -1.0108599999999999e-03, 9.3430700000000000e-05,
            5.2691299999999996e-01 ]
    },
    "proj_int": {
        "type_id": "opencv-matrix",
        "rows": 3,
        "cols": 3,
        "dt": "d",
        "data": [ 2.2092422361210724e+03, 0.0, 9.5949999997567363e+02,
            0.0, 2.0952111378365753e+03, 5.3949999998170665e+02, 0.0,
            0.0, 1.0 ]
    },
    "proj_dist": {
        "type_id": "opencv-matrix",
        "rows": 1,
        "cols": 5,
        "dt": "d",
        "data": [ 0.0, 0.0, 0.0, 0.0, 0.0 ]
    },
    "rotation": {
        "type_id": "opencv-matrix",
        "rows": 3,
        "cols": 3,
        "dt": "d",
        "data": [ 9.9472890098122480e-01, 1.0250914262342717e-01,
            2.5078339846416105e-03, -1.0010089120275917e-01,
            9.7608111741627512e-01, -1.9299083865253566e-01,
            -2.2231174802471110e-02, 1.9172252841543050e-01,
            9.8119735372905303e-01 ]
    },
    "translation": {
        "type_id": "opencv-matrix",
        "rows": 3,
        "cols": 1,
        "dt": "d",
        "data": [ 8.4699172999372595e-03, 2.4244886690259770e-01,
            7.0990674019084710e-01 ]
    }
}
