{
    "img_shape": {
        "type_id": "opencv-matrix",
        "rows": 2,
        "cols": 1,
        "dt": "d",
        "data": [ 1080.0, 1920.0 ]
    },
    "rms": 2.3853476089005513e-01,
    "cam_int": {
        "type_id": "opencv-matrix",
        "rows": 3,
        "cols": 3,
        "dt": "d",
        "data": [ 1.3469211425781250e+03, 0.0, 9.8950524902343750e+02,
            0.0, 1.3469993896484375e+03, 5.4264459228515625e+02, 0.0,
            0.0, 1.0 ]
    },
    "cam_dist": {
        "type_id": "opencv-matrix",
        "rows": 5,
        "cols": 1,
        "dt": "d",
        "data": [ 1.7319100000000001e-01, -5.4758300000000004e-01,
            -1.0108599999999999e-03, 9.3430700000000000e-05,
            5.2691299999999996e-01 ]
    },
    "proj_int": {
        "type_id": "opencv-matrix",
        "rows": 3,
        "cols": 3,
        "dt": "d",
        "data": [ 3.5224905937055555e+03, 0.0, 5.0426062321549216e+02,
            0.0, 7.9325162086679447e+03, 9.4903086991973748e+02, 0.0,
            0.0, 1.0 ]
    },
    "proj_dist": {
        "type_id": "opencv-matrix",
        "rows": 1,
        "cols": 5,
        "dt": "d",
        "data": [ -2.0418142994373230e+00, 4.1791668329951463e+01,
            -3.3903774021067125e-02, 7.7800727223053590e-02,
            -4.7832395904234909e+02 ]
    },
    "rotation": {
        "type_id": "opencv-matrix",
        "rows": 3,
        "cols": 3,
        "dt": "d",
        "data": [ 9.9526707838068273e-01, 7.2861629085253704e-02,
            6.4301055190585613e-02, 4.4429427581059229e-02,
            2.4730489319559260e-01, -9.6791854810533295e-01,
            -8.6426087823059758e-02, 9.6619432455824295e-01,
            2.4289721804714295e-01 ]
    },
    "translation": {
        "type_id": "opencv-matrix",
        "rows": 3,
        "cols": 1,
        "dt": "d",
        "data": [ 3.3023053479584746e-01, 5.4222246437484767e-01,
            2.1333265290738019e+00 ]
    }
}
