{
    "img_shape": {
        "type_id": "opencv-matrix",
        "rows": 2,
        "cols": 1,
        "dt": "d",
        "data": [ 1080.0, 1920.0 ]
    },
    "rms": 1.0350835781473030e+01,
    "rms per view errors": {
        "type_id": "opencv-matrix",
        "rows": 2,
        "cols": 2,
        "dt": "d",
        "data": [ 5.8878161369386408e+00, 1.1638148632097590e+01,
            3.0947182665616508e+00, 1.5775583726300246e+01 ]
    },
    "cam_int": {
        "type_id": "opencv-matrix",
        "rows": 3,
        "cols": 3,
        "dt": "d",
        "data": [ 1.3469211425781250e+03, 0.0, 9.8950524902343750e+02,
            0.0, 1.3469993896484375e+03, 5.4264459228515625e+02, 0.0,
            0.0, 1.0 ]
    },
    "cam_dist": {
        "type_id": "opencv-matrix",
        "rows": 5,
        "cols": 1,
        "dt": "d",
        "data": [ 1.7319100000000001e-01, -5.4758300000000004e-01,
            -1.0108599999999999e-03, 9.3430700000000000e-05,
            5.2691299999999996e-01 ]
    },
    "proj_int": {
        "type_id": "opencv-matrix",
        "rows": 3,
        "cols": 3,
        "dt": "d",
        "data": [ 3.8229482099908314e+03, 0.0, 5.4286006511835387e+02,
            0.0, 4.3072425734918334e+03, 8.0888486487610930e+02, 0.0,
            0.0, 1.0 ]
    },
    "proj_dist": {
        "type_id": "opencv-matrix",
        "rows": 1,
        "cols": 5,
        "dt": "d",
        "data": [ 0.0, 0.0, 0.0, 0.0, 0.0 ]
    },
    "rotation": {
        "type_id": "opencv-matrix",
        "rows": 3,
        "cols": 3,
        "dt": "d",
        "data": [ 9.9786846286777742e-01, 6.0949504052229618e-02,
            2.3317134680025799e-02, -6.1921791438299865e-02,
            9.9713098426673508e-01, 4.3537247964516620e-02,
            -2.0596663782537928e-02, -4.4888285454440777e-02,
            9.9877966502627080e-01 ]
    },
    "translation": {
        "type_id": "opencv-matrix",
        "rows": 3,
        "cols": 1,
        "dt": "d",
        "data": [ 2.4908370505001295e-01, -8.8129846221188218e-02,
            1.6383168041764988e+00 ]
    }
}
