{
    "img_shape": {
        "type_id": "opencv-matrix",
        "rows": 2,
        "cols": 1,
        "dt": "d",
        "data": [ 1080.0, 1920.0 ]
    },
    "rms": 8.6250488349454246e-01,
    "rms per view errors": {
        "type_id": "opencv-matrix",
        "rows": 4,
        "cols": 2,
        "dt": "d",
        "data": [ 6.9476764603230712e-01, 8.6938139783957247e-01,
            5.7134386075119015e-01, 1.0384522388093875e+00,
            9.9674284323295304e-01, 9.3649694712643650e-01,
            7.7267956557092587e-01, 9.1674309239954799e-01 ]
    },
    "cam_int": {
        "type_id": "opencv-matrix",
        "rows": 3,
        "cols": 3,
        "dt": "d",
        "data": [ 1.3469211425781250e+03, 0.0, 9.8950524902343750e+02,
            0.0, 1.3469993896484375e+03, 5.4264459228515625e+02, 0.0,
            0.0, 1.0 ]
    },
    "cam_dist": {
        "type_id": "opencv-matrix",
        "rows": 5,
        "cols": 1,
        "dt": "d",
        "data": [ 1.7319100000000001e-01, -5.4758300000000004e-01,
            -1.0108599999999999e-03, 9.3430700000000000e-05,
            5.2691299999999996e-01 ]
    },
    "proj_int": {
        "type_id": "opencv-matrix",
        "rows": 3,
        "cols": 3,
        "dt": "d",
        "data": [ 1.2334050384777699e+03, 0.0, 9.7721941406927999e+02,
            0.0, 1.2224865053776155e+03, 9.9548439122072807e+02, 0.0,
            0.0, 1.0 ]
    },
    "proj_dist": {
        "type_id": "opencv-matrix",
        "rows": 1,
        "cols": 5,
        "dt": "d",
        "data": [ 0.0, 0.0, 0.0, 0.0, 0.0 ]
    },
    "rotation": {
        "type_id": "opencv-matrix",
        "rows": 3,
        "cols": 3,
        "dt": "d",
        "data": [ 9.9601036627347106e-01, 7.5559994522341842e-02,
            -4.7476704851638615e-02, -8.6591498898790351e-02,
            9.4694058652465551e-01, -3.0952453523234957e-01,
            2.1569946551781863e-02, 3.1240072474327729e-01,
            9.4970549360611167e-01 ]
    },
    "translation": {
        "type_id": "opencv-matrix",
        "rows": 3,
        "cols": 1,
        "dt": "d",
        "data": [ 3.3233084738666777e-02, 2.5473620571448148e-02,
            1.0530461266706063e-01 ]
    }
}
