{
    "img_shape": {
        "type_id": "opencv-matrix",
        "rows": 2,
        "cols": 1,
        "dt": "d",
        "data": [ 1080.0, 1920.0 ]
    },
    "rms": 8.8685835483867159e-01,
    "rms per view errors": {
        "type_id": "opencv-matrix",
        "rows": 3,
        "cols": 2,
        "dt": "d",
        "data": [ 7.0887033484412854e-01, 9.4251687439645226e-01,
            6.0051269269885299e-01, 1.0400316610795153e+00,
            9.9411673557194125e-01, 9.4748182307334516e-01 ]
    },
    "cam_int": {
        "type_id": "opencv-matrix",
        "rows": 3,
        "cols": 3,
        "dt": "d",
        "data": [ 1.3469211425781250e+03, 0.0, 9.8950524902343750e+02,
            0.0, 1.3469993896484375e+03, 5.4264459228515625e+02, 0.0,
            0.0, 1.0 ]
    },
    "cam_dist": {
        "type_id": "opencv-matrix",
        "rows": 5,
        "cols": 1,
        "dt": "d",
        "data": [ 1.7319100000000001e-01, -5.4758300000000004e-01,
            -1.0108599999999999e-03, 9.3430700000000000e-05,
            5.2691299999999996e-01 ]
    },
    "proj_int": {
        "type_id": "opencv-matrix",
        "rows": 3,
        "cols": 3,
        "dt": "d",
        "data": [ 1.2606728295122946e+03, 0.0, 9.7837645412879499e+02,
            0.0, 1.2506111572446996e+03, 9.9391246466971074e+02, 0.0,
            0.0, 1.0 ]
    },
    "proj_dist": {
        "type_id": "opencv-matrix",
        "rows": 1,
        "cols": 5,
        "dt": "d",
        "data": [ 0.0, 0.0, 0.0, 0.0, 0.0 ]
    },
    "rotation": {
        "type_id": "opencv-matrix",
        "rows": 3,
        "cols": 3,
        "dt": "d",
        "data": [ 9.9598046589821376e-01, 7.5171823895885101e-02,
            -4.8704295922875854e-02, -8.6439787313929220e-02,
            9.4916297578703268e-01, -3.0268433815483026e-01,
            2.3474980687951660e-02, 3.0567767711638844e-01,
            9.5184561930726419e-01 ]
    },
    "translation": {
        "type_id": "opencv-matrix",
        "rows": 3,
        "cols": 1,
        "dt": "d",
        "data": [ 3.3349504843053546e-02, 2.2360918113875895e-02,
            1.1844522500233369e-01 ]
    }
}
