{
    "img_shape": {
        "type_id": "opencv-matrix",
        "rows": 2,
        "cols": 1,
        "dt": "d",
        "data": [ 1080.0, 1920.0 ]
    },
    "rms": 1.3958667268071041e+00,
    "cam_int": {
        "type_id": "opencv-matrix",
        "rows": 3,
        "cols": 3,
        "dt": "d",
        "data": [ 1.3469211425781250e+03, 0.0, 9.8950524902343750e+02,
            0.0, 1.3469993896484375e+03, 5.4264459228515625e+02, 0.0,
            0.0, 1.0 ]
    },
    "cam_dist": {
        "type_id": "opencv-matrix",
        "rows": 5,
        "cols": 1,
        "dt": "d",
        "data": [ 1.7319100000000001e-01, -5.4758300000000004e-01,
            -1.0108599999999999e-03, 9.3430700000000000e-05,
            5.2691299999999996e-01 ]
    },
    "proj_int": {
        "type_id": "opencv-matrix",
        "rows": 3,
        "cols": 3,
        "dt": "d",
        "data": [ 1.3220363279388944e+03, 0.0, 9.7509319132099461e+02,
            0.0, 1.3158859138217449e+03, 9.6591652052391930e+02, 0.0,
            0.0, 1.0 ]
    },
    "proj_dist": {
        "type_id": "opencv-matrix",
        "rows": 1,
        "cols": 5,
        "dt": "d",
        "data": [ 7.5475778788073281e-02, -8.0970236433095394e-02,
            5.6765993963728669e-03, -4.0272227106668955e-04,
            8.7712200326026946e-02 ]
    },
    "rotation": {
        "type_id": "opencv-matrix",
        "rows": 3,
        "cols": 3,
        "dt": "d",
        "data": [ 9.9596717207945251e-01, 7.3242587742957971e-02,
            -5.1816170070483301e-02, -8.4558314802030021e-02,
            9.5934693027879714e-01, -2.6926447734985320e-01,
            2.9988056587563906e-02, 2.7256006806824057e-01,
            9.6167131898416169e-01 ]
    },
    "translation": {
        "type_id": "opencv-matrix",
        "rows": 3,
        "cols": 1,
        "dt": "d",
        "data": [ 3.7095919099058482e-02, 1.7924259136073008e-02,
            1.4903337250198515e-01 ]
    }
}
