{
    "img_shape": {
        "type_id": "opencv-matrix",
        "rows": 2,
        "cols": 1,
        "dt": "d",
        "data": [ 1080.0, 1920.0 ]
    },
    "rms": 8.8476875660246845e-01,
    "rms per view errors": {
        "type_id": "opencv-matrix",
        "rows": 1,
        "cols": 2,
        "dt": "d",
        "data": [ 9.5241892650055060e-01, 8.1149842499125946e-01 ]
    },
    "cam_int": {
        "type_id": "opencv-matrix",
        "rows": 3,
        "cols": 3,
        "dt": "d",
        "data": [ 1.3469211425781250e+03, 0.0, 9.8950524902343750e+02,
            0.0, 1.3469993896484375e+03, 5.4264459228515625e+02, 0.0,
            0.0, 1.0 ]
    },
    "cam_dist": {
        "type_id": "opencv-matrix",
        "rows": 5,
        "cols": 1,
        "dt": "d",
        "data": [ 1.7319100000000001e-01, -5.4758300000000004e-01,
            -1.0108599999999999e-03, 9.3430700000000000e-05,
            5.2691299999999996e-01 ]
    },
    "proj_int": {
        "type_id": "opencv-matrix",
        "rows": 3,
        "cols": 3,
        "dt": "d",
        "data": [ 1.7097953673642623e+03, 0.0, 9.5949999999986801e+02,
            0.0, 1.5590853210830678e+03, 5.3949999999838190e+02, 0.0,
            0.0, 1.0 ]
    },
    "proj_dist": {
        "type_id": "opencv-matrix",
        "rows": 1,
        "cols": 5,
        "dt": "d",
        "data": [ 0.0, 0.0, 0.0, 0.0, 0.0 ]
    },
    "rotation": {
        "type_id": "opencv-matrix",
        "rows": 3,
        "cols": 3,
        "dt": "d",
        "data": [ 9.9606303531684759e-01, 8.1371180483527206e-02,
            -3.5173294729177185e-02, -8.5908549473798279e-02,
            9.8392192764408448e-01, -1.5658020765236222e-01,
            2.1866659614497002e-02, 1.5898544363515224e-01,
            9.8703874184828100e-01 ]
    },
    "translation": {
        "type_id": "opencv-matrix",
        "rows": 3,
        "cols": 1,
        "dt": "d",
        "data": [ 3.5497249121582072e-02, 1.8402181314375424e-01,
            3.2945723394096565e-01 ]
    }
}
