{
    "img_shape": {
        "type_id": "opencv-matrix",
        "rows": 2,
        "cols": 1,
        "dt": "d",
        "data": [ 1080.0, 1920.0 ]
    },
    "rms": 1.0958904123173063e+00,
    "cam_int": {
        "type_id": "opencv-matrix",
        "rows": 3,
        "cols": 3,
        "dt": "d",
        "data": [ 1.3469211425781250e+03, 0.0, 9.8950524902343750e+02,
            0.0, 1.3469993896484375e+03, 5.4264459228515625e+02, 0.0,
            0.0, 1.0 ]
    },
    "cam_dist": {
        "type_id": "opencv-matrix",
        "rows": 5,
        "cols": 1,
        "dt": "d",
        "data": [ 1.7319100000000001e-01, -5.4758300000000004e-01,
            -1.0108599999999999e-03, 9.3430700000000000e-05,
            5.2691299999999996e-01 ]
    },
    "proj_int": {
        "type_id": "opencv-matrix",
        "rows": 3,
        "cols": 3,
        "dt": "d",
        "data": [ 2.1913864952930926e+03, 0.0, 9.5949999998157807e+02,
            0.0, 2.0776966082864674e+03, 5.3949999998583212e+02, 0.0,
            0.0, 1.0 ]
    },
    "proj_dist": {
        "type_id": "opencv-matrix",
        "rows": 1,
        "cols": 5,
        "dt": "d",
        "data": [ 0.0, 0.0, 0.0, 0.0, 0.0 ]
    },
    "rotation": {
        "type_id": "opencv-matrix",
        "rows": 3,
        "cols": 3,
        "dt": "d",
        "data": [ 9.9470387277721206e-01, 1.0274315248019028e-01,
            2.8372698934487524e-03, -1.0024617118964527e-01,
            9.7588426801727834e-01, -1.9390874296482130e-01,
            -2.2691642598812380e-02, 1.9259735214901885e-01,
            9.8101546843123455e-01 ]
    },
    "translation": {
        "type_id": "opencv-matrix",
        "rows": 3,
        "cols": 1,
        "dt": "d",
        "data": [ 8.2128548980262214e-03, 2.4311604901163966e-01,
            6.9818853093848599e-01 ]
    }
}
